training PHY-K309,K311,K312-7cls-28chn done - time: 0:18:28.408967s
PHY-K309,K311,K312-7cls-28chn validation:
{'acc': 0.3629630964718613, 'f1': 0.4725662463318095, 'kappa': 0.3814823417485679}
PHY-K309,K311,K312-7cls-28chn validation confusion_matrix:
[[9.442e-01 1.100e-03 1.230e-02 7.000e-04 7.000e-04 3.300e-03 3.760e-02]
 [1.788e-01 1.122e-01 3.477e-01 5.430e-02 2.220e-02 1.245e-01 1.603e-01]
 [1.223e-01 6.500e-02 4.752e-01 6.500e-02 1.700e-02 8.050e-02 1.749e-01]
 [1.146e-01 3.870e-02 2.260e-01 1.006e-01 2.790e-02 2.585e-01 2.337e-01]
 [1.317e-01 7.780e-02 1.449e-01 7.190e-02 4.310e-02 1.856e-01 3.449e-01]
 [1.698e-01 2.490e-02 9.030e-02 2.340e-02 9.300e-03 2.336e-01 4.486e-01]
 [1.927e-01 9.800e-03 3.900e-02 1.590e-02 1.710e-02 9.390e-02 6.317e-01]]
testing on K309...
PHY-K309,K311,K312-7cls-28chn test:
{'acc': 0.49742459597269034, 'f1': 0.7363426756292335, 'kappa': 0.5705254813885127}
PHY-K309,K311,K312-7cls-28chn test confusion_matrix:
[[0.9211 0.     0.0029 0.     0.     0.     0.076 ]
 [0.     0.     0.7931 0.1034 0.     0.069  0.0345]
 [0.069  0.     0.8276 0.1034 0.     0.     0.    ]
 [0.     0.0333 0.     0.2333 0.0333 0.5    0.2   ]
 [0.0741 0.     0.     0.     0.     0.6296 0.2963]
 [0.     0.     0.     0.     0.     0.5    0.5   ]
 [0.     0.     0.     0.     0.     0.     1.    ]]
testing on K311...
PHY-K309,K311,K312-7cls-28chn test:
{'acc': 0.4009923554515585, 'f1': 0.6828781071884227, 'kappa': 0.5132553180772653}
PHY-K309,K311,K312-7cls-28chn test confusion_matrix:
[[0.9615 0.     0.     0.     0.     0.003  0.0355]
 [0.     0.     0.3023 0.3953 0.     0.2326 0.0698]
 [0.     0.0323 0.3871 0.5161 0.     0.0645 0.    ]
 [0.0556 0.     0.3889 0.2222 0.     0.25   0.0833]
 [0.1786 0.     0.3571 0.1071 0.     0.3214 0.0357]
 [0.0811 0.     0.     0.     0.     0.3243 0.5946]
 [0.     0.     0.     0.     0.     0.0882 0.9118]]
testing on K312...
PHY-K309,K311,K312-7cls-28chn test:
{'acc': 0.45673899634501985, 'f1': 0.6905804018107505, 'kappa': 0.5296408897645373}
PHY-K309,K311,K312-7cls-28chn test confusion_matrix:
[[0.9477 0.     0.     0.     0.     0.0092 0.0431]
 [0.125  0.05   0.2    0.     0.     0.25   0.375 ]
 [0.     0.     0.6552 0.1034 0.     0.2414 0.    ]
 [0.122  0.1707 0.0488 0.0732 0.2195 0.2439 0.122 ]
 [0.     0.1613 0.0323 0.     0.129  0.0968 0.5806]
 [0.     0.     0.     0.     0.     0.3421 0.6579]
 [0.     0.     0.     0.     0.     0.     1.    ]]

PHY-K313,K315,K316-7cls-28chn validation:
{'acc': 0.3660524188288852, 'f1': 0.4853658093995711, 'kappa': 0.3830114858029354}
PHY-K313,K315,K316-7cls-28chn validation confusion_matrix:
[[9.516e-01 4.000e-04 1.300e-02 3.000e-03 4.000e-04 1.000e-02 2.160e-02]
 [1.794e-01 7.740e-02 3.084e-01 1.904e-01 2.950e-02 1.155e-01 9.950e-02]
 [1.246e-01 6.070e-02 3.863e-01 2.009e-01 3.120e-02 8.570e-02 1.106e-01]
 [1.231e-01 3.430e-02 1.651e-01 2.414e-01 2.960e-02 2.632e-01 1.433e-01]
 [1.451e-01 5.560e-02 1.076e-01 1.862e-01 9.790e-02 1.923e-01 2.152e-01]
 [1.768e-01 1.100e-02 7.040e-02 9.860e-02 9.400e-03 3.083e-01 3.255e-01]
 [2.142e-01 1.220e-02 4.410e-02 3.670e-02 1.840e-02 1.750e-01 4.994e-01]]
testing on K313...
PHY-K313,K315,K316-7cls-28chn test:
{'acc': 0.4894745877653307, 'f1': 0.6638615920902551, 'kappa': 0.5161648327747074}
PHY-K313,K315,K316-7cls-28chn test confusion_matrix:
[[0.8875 0.     0.0868 0.0064 0.     0.0096 0.0096]
 [0.     0.0606 0.3939 0.4848 0.     0.0606 0.    ]
 [0.     0.     0.7667 0.2333 0.     0.     0.    ]
 [0.     0.     0.0526 0.7368 0.     0.2105 0.    ]
 [0.1081 0.     0.     0.027  0.     0.7838 0.0811]
 [0.25   0.     0.     0.     0.     0.1136 0.6364]
 [0.1389 0.     0.     0.     0.     0.     0.8611]]
testing on K315...
PHY-K313,K315,K316-7cls-28chn test:
{'acc': 0.4811145300115888, 'f1': 0.7588533598559237, 'kappa': 0.6072179057512634}
PHY-K313,K315,K316-7cls-28chn test confusion_matrix:
[[0.9973 0.     0.     0.     0.     0.     0.0027]
 [0.     0.0312 0.3438 0.5625 0.0312 0.0312 0.    ]
 [0.0556 0.0278 0.3889 0.3333 0.     0.1944 0.    ]
 [0.027  0.0811 0.0541 0.4054 0.1622 0.2703 0.    ]
 [0.0833 0.     0.0833 0.0556 0.2778 0.2222 0.2778]
 [0.1176 0.     0.     0.     0.     0.3529 0.5294]
 [0.0857 0.     0.     0.     0.     0.     0.9143]]
testing on K316...
PHY-K313,K315,K316-7cls-28chn test:
{'acc': 0.2538395924538631, 'f1': 0.6060445220498677, 'kappa': 0.2971895532474318}
PHY-K313,K315,K316-7cls-28chn test confusion_matrix:
[[0.8603 0.0112 0.0223 0.014  0.0084 0.0028 0.081 ]
 [0.0294 0.2353 0.1176 0.1176 0.0882 0.1471 0.2647]
 [0.0882 0.2059 0.3235 0.0588 0.1471 0.     0.1765]
 [0.1081 0.0811 0.     0.0811 0.0811 0.0811 0.5676]
 [0.3226 0.0323 0.0323 0.0323 0.0645 0.2258 0.2903]
 [0.3333 0.     0.0606 0.     0.     0.0909 0.5152]
 [0.8788 0.     0.     0.     0.     0.     0.1212]]

 PHY-K321,K322,K323-7cls-28chn validation:
{'acc': 0.38541801045685, 'f1': 0.49785463111990325, 'kappa': 0.3994120684342378}
PHY-K321,K322,K323-7cls-28chn validation confusion_matrix:
[[9.344e-01 0.000e+00 1.700e-02 3.500e-03 7.000e-04 5.000e-03 3.930e-02]
 [1.652e-01 4.860e-02 4.277e-01 1.555e-01 3.400e-02 7.780e-02 9.110e-02]
 [1.181e-01 5.210e-02 4.755e-01 1.702e-01 2.450e-02 6.130e-02 9.820e-02]
 [1.077e-01 3.230e-02 2.154e-01 2.923e-01 3.380e-02 1.892e-01 1.292e-01]
 [1.529e-01 9.320e-02 1.673e-01 1.529e-01 9.080e-02 1.912e-01 1.517e-01]
 [1.654e-01 1.550e-02 7.420e-02 8.810e-02 2.940e-02 3.029e-01 3.246e-01]
 [1.857e-01 1.460e-02 3.880e-02 4.730e-02 2.430e-02 1.359e-01 5.534e-01]]
testing on K321...
PHY-K321,K322,K323-7cls-28chn test:
{'acc': 0.3039715329958458, 'f1': 0.28773415233263805, 'kappa': 0.23281938874635721}
PHY-K321,K322,K323-7cls-28chn test confusion_matrix:
[[1.     0.     0.     0.     0.     0.     0.    ]
 [0.4286 0.     0.1786 0.1071 0.0357 0.0714 0.1786]
 [0.4643 0.     0.25   0.1786 0.     0.     0.1071]
 [0.2069 0.     0.3103 0.0345 0.0345 0.1379 0.2759]
 [0.2258 0.0323 0.1613 0.0968 0.129  0.0645 0.2903]
 [0.1429 0.     0.25   0.     0.0357 0.25   0.3214]
 [0.4643 0.     0.     0.     0.     0.0714 0.4643]]
testing on K322...
PHY-K321,K322,K323-7cls-28chn test:
{'acc': 0.43678398895790194, 'f1': 0.5529221275662385, 'kappa': 0.46575006137981834}
PHY-K321,K322,K323-7cls-28chn test confusion_matrix:
[[0.913  0.0087 0.0261 0.     0.     0.0174 0.0348]
 [0.     0.2    0.48   0.32   0.     0.     0.    ]
 [0.125  0.     0.8333 0.0417 0.     0.     0.    ]
 [0.0741 0.     0.3333 0.0741 0.     0.1481 0.3704]
 [0.037  0.     0.0741 0.     0.     0.     0.8889]
 [0.     0.     0.     0.     0.     0.2593 0.7407]
 [0.     0.     0.     0.     0.     0.2222 0.7778]]
testing on K323...
PHY-K321,K322,K323-7cls-28chn test:
{'acc': 0.36528180354267314, 'f1': 0.5616124766789076, 'kappa': 0.4145762208698234}
PHY-K321,K322,K323-7cls-28chn test confusion_matrix:
[[0.8696 0.     0.     0.0124 0.     0.     0.118 ]
 [0.     0.     0.3333 0.2333 0.     0.3667 0.0667]
 [0.     0.     0.28   0.2    0.04   0.36   0.12  ]
 [0.     0.04   0.16   0.36   0.     0.28   0.16  ]
 [0.     0.     0.     0.3462 0.     0.4615 0.1923]
 [0.     0.     0.16   0.2    0.     0.64   0.    ]
 [0.1481 0.     0.037  0.0741 0.037  0.2963 0.4074]]

 PHY-K325,K326,K327-7cls-28chn validation:
{'acc': 0.39354592944347105, 'f1': 0.5079517729175453, 'kappa': 0.4118165627148904}
PHY-K325,K326,K327-7cls-28chn validation confusion_matrix:
[[9.233e-01 7.000e-04 1.620e-02 1.100e-03 0.000e+00 5.600e-03 5.310e-02]
 [1.436e-01 1.018e-01 3.902e-01 1.301e-01 8.600e-03 1.055e-01 1.202e-01]
 [1.011e-01 5.290e-02 5.288e-01 8.710e-02 9.300e-03 8.400e-02 1.369e-01]
 [8.330e-02 4.870e-02 2.626e-01 1.950e-01 1.420e-02 1.903e-01 2.060e-01]
 [1.110e-01 9.150e-02 1.829e-01 1.183e-01 5.730e-02 1.915e-01 2.476e-01]
 [1.068e-01 2.790e-02 6.810e-02 6.500e-02 1.390e-02 3.266e-01 3.916e-01]
 [1.427e-01 2.070e-02 4.390e-02 1.340e-02 9.800e-03 1.476e-01 6.220e-01]]
testing on K325...
PHY-K325,K326,K327-7cls-28chn test:
{'acc': 0.31122404753236393, 'f1': 0.29709220009428977, 'kappa': 0.25570108868776587}
PHY-K325,K326,K327-7cls-28chn test confusion_matrix:
[[1.     0.     0.     0.     0.     0.     0.    ]
 [0.1613 0.     0.2258 0.     0.     0.3226 0.2903]
 [0.2059 0.     0.0882 0.     0.     0.4118 0.2941]
 [0.069  0.     0.2414 0.069  0.     0.4483 0.1724]
 [0.2857 0.     0.3095 0.0714 0.     0.2381 0.0952]
 [0.0741 0.     0.2963 0.037  0.     0.4444 0.1481]
 [0.1538 0.     0.1538 0.     0.     0.1154 0.5769]]
testing on K326...
PHY-K325,K326,K327-7cls-28chn test:
{'acc': 0.18291938413889633, 'f1': 0.18149235002557906, 'kappa': 0.10027035145689389}
PHY-K325,K326,K327-7cls-28chn test confusion_matrix:
[[1.     0.     0.     0.     0.     0.     0.    ]
 [0.439  0.0732 0.1463 0.0244 0.0488 0.0244 0.2439]
 [0.3846 0.0256 0.1795 0.     0.0256 0.     0.3846]
 [0.4412 0.1176 0.0294 0.     0.     0.     0.4118]
 [0.5    0.1667 0.1111 0.     0.0278 0.0278 0.1667]
 [0.8    0.0286 0.0286 0.     0.     0.     0.1429]
 [0.5    0.0294 0.3235 0.1471 0.     0.     0.    ]]
testing on K327...
PHY-K325,K326,K327-7cls-28chn test:
{'acc': 0.23219714893297322, 'f1': 0.32608188401711785, 'kappa': 0.2154153667463502}
PHY-K325,K326,K327-7cls-28chn test confusion_matrix:
[[0.9239 0.     0.     0.     0.     0.0217 0.0543]
 [0.2564 0.0769 0.0513 0.     0.     0.0769 0.5385]
 [0.2353 0.0588 0.0294 0.1176 0.0882 0.2647 0.2059]
 [0.0476 0.     0.2143 0.119  0.0714 0.4286 0.119 ]
 [0.0588 0.0294 0.2059 0.0882 0.     0.2941 0.3235]
 [0.0345 0.069  0.     0.0345 0.     0.3793 0.4828]
 [0.2258 0.     0.4194 0.0323 0.     0.2258 0.0968]]

 PHY-K328,K332,K334-7cls-28chn validation:
{'acc': 0.3725280992422269, 'f1': 0.49032868684526143, 'kappa': 0.392904615010339}
PHY-K328,K332,K334-7cls-28chn validation confusion_matrix:
[[9.397e-01 0.000e+00 1.180e-02 7.000e-04 0.000e+00 5.000e-03 4.280e-02]
 [1.827e-01 8.400e-02 3.045e-01 1.194e-01 1.460e-02 1.352e-01 1.596e-01]
 [1.238e-01 4.490e-02 4.102e-01 1.022e-01 2.010e-02 1.176e-01 1.811e-01]
 [1.209e-01 1.860e-02 1.767e-01 1.457e-01 2.170e-02 3.054e-01 2.109e-01]
 [1.348e-01 6.140e-02 1.203e-01 9.390e-02 8.300e-02 2.118e-01 2.948e-01]
 [1.550e-01 1.240e-02 5.270e-02 4.810e-02 9.300e-03 2.992e-01 4.233e-01]
 [1.796e-01 1.110e-02 2.210e-02 1.230e-02 1.350e-02 1.156e-01 6.458e-01]]
testing on K328...
PHY-K328,K332,K334-7cls-28chn test:
{'acc': 0.27080971277399846, 'f1': 0.5554690275403705, 'kappa': 0.3872007729621012}
PHY-K328,K332,K334-7cls-28chn test confusion_matrix:
[[0.9954 0.     0.     0.     0.     0.     0.0046]
 [0.1429 0.0357 0.1786 0.1071 0.0714 0.3214 0.1429]
 [0.1071 0.0714 0.     0.2143 0.1071 0.2143 0.2857]
 [0.3333 0.     0.0741 0.     0.     0.0741 0.5185]
 [0.2059 0.0294 0.2353 0.0588 0.     0.     0.4706]
 [0.0625 0.0625 0.0625 0.0312 0.     0.2812 0.5   ]
 [0.3333 0.     0.     0.0278 0.     0.0556 0.5833]]
testing on K332...
PHY-K328,K332,K334-7cls-28chn test:
{'acc': 0.3405546790687214, 'f1': 0.5760331409432441, 'kappa': 0.4298892753844782}
PHY-K328,K332,K334-7cls-28chn test confusion_matrix:
[[0.9686 0.     0.     0.     0.     0.0189 0.0126]
 [0.0385 0.     0.0385 0.3846 0.     0.5    0.0385]
 [0.     0.     0.129  0.2903 0.     0.5806 0.    ]
 [0.     0.     0.1429 0.0357 0.0357 0.3571 0.4286]
 [0.0303 0.     0.     0.1818 0.2121 0.4545 0.1212]
 [0.0385 0.     0.2692 0.0385 0.     0.2308 0.4231]
 [0.0385 0.     0.     0.     0.     0.1538 0.8077]]
testing on K334...
PHY-K328,K332,K334-7cls-28chn test:
{'acc': 0.23849556603724634, 'f1': 0.2248205871148043, 'kappa': 0.15267015706806286}
PHY-K328,K332,K334-7cls-28chn test confusion_matrix:
[[0.971  0.     0.     0.     0.     0.     0.029 ]
 [0.7576 0.     0.0303 0.     0.0303 0.     0.1818]
 [0.5263 0.0263 0.0526 0.0526 0.0263 0.0789 0.2368]
 [0.625  0.     0.05   0.05   0.     0.175  0.1   ]
 [0.2    0.0571 0.     0.0571 0.0286 0.3143 0.3429]
 [0.4444 0.     0.     0.0278 0.     0.2778 0.25  ]
 [0.6842 0.0263 0.     0.     0.     0.     0.2895]]

 PHY-K335,K336,K337-7cls-28chn validation:
{'acc': 0.3771782295756529, 'f1': 0.4929135218080023, 'kappa': 0.39788536267940144}
PHY-K335,K336,K337-7cls-28chn validation confusion_matrix:
[[9.280e-01 4.000e-04 1.330e-02 4.000e-04 0.000e+00 9.800e-03 4.810e-02]
 [1.497e-01 8.960e-02 3.718e-01 7.120e-02 1.600e-02 1.521e-01 1.497e-01]
 [8.240e-02 2.490e-02 4.899e-01 8.090e-02 1.400e-02 1.477e-01 1.602e-01]
 [8.400e-02 1.870e-02 2.317e-01 1.166e-01 1.560e-02 3.079e-01 2.255e-01]
 [1.158e-01 5.430e-02 1.592e-01 7.840e-02 4.100e-02 2.690e-01 2.823e-01]
 [1.199e-01 1.560e-02 6.070e-02 2.800e-02 3.100e-03 3.660e-01 4.065e-01]
 [1.471e-01 1.230e-02 3.550e-02 8.600e-03 7.400e-03 1.801e-01 6.091e-01]]
testing on K335...
PHY-K335,K336,K337-7cls-28chn test:
{'acc': 0.3131445299376988, 'f1': 0.2947284172001621, 'kappa': 0.25903585153475706}
PHY-K335,K336,K337-7cls-28chn test confusion_matrix:
[[1.     0.     0.     0.     0.     0.     0.    ]
 [0.1714 0.     0.4857 0.0286 0.0286 0.0571 0.2286]
 [0.2308 0.     0.6154 0.     0.     0.0513 0.1026]
 [0.0556 0.     0.0556 0.0278 0.     0.3611 0.5   ]
 [0.     0.     0.0882 0.1176 0.0294 0.1176 0.6471]
 [0.2903 0.0645 0.0323 0.     0.0323 0.0323 0.5484]
 [0.4615 0.     0.     0.     0.     0.0513 0.4872]]
testing on K336...
PHY-K335,K336,K337-7cls-28chn test:
{'acc': 0.3728834982704952, 'f1': 0.3767901225581724, 'kappa': 0.34353568915004007}
PHY-K335,K336,K337-7cls-28chn test confusion_matrix:
[[1.     0.     0.     0.     0.     0.     0.    ]
 [0.0714 0.     0.2857 0.     0.     0.3929 0.25  ]
 [0.1111 0.     0.5185 0.     0.     0.3333 0.037 ]
 [0.     0.0789 0.3684 0.0789 0.0526 0.2368 0.1842]
 [0.1667 0.0278 0.0278 0.0833 0.     0.1389 0.5556]
 [0.0541 0.     0.     0.     0.     0.1892 0.7568]
 [0.1176 0.     0.     0.     0.     0.0588 0.8235]]
testing on K337...
PHY-K335,K336,K337-7cls-28chn test:
{'acc': 0.25771009232258696, 'f1': 0.4446508343892787, 'kappa': 0.31859852082688545}
PHY-K335,K336,K337-7cls-28chn test confusion_matrix:
[[0.9708 0.     0.     0.     0.     0.     0.0292]
 [0.1667 0.     0.1667 0.     0.     0.3611 0.3056]
 [0.0938 0.     0.0625 0.     0.     0.1562 0.6875]
 [0.     0.0294 0.5588 0.0882 0.     0.2059 0.1176]
 [0.     0.     0.3429 0.     0.     0.6    0.0571]
 [0.027  0.     0.4595 0.0811 0.     0.4324 0.    ]
 [0.     0.     0.3333 0.1667 0.0278 0.2222 0.25  ]]

training PHY-K339,K354,K358-7cls-28chn done - time: 0:19:31.555691s
PHY-K339,K354,K358-7cls-28chn validation:
{'acc': 0.37791736395684367, 'f1': 0.49365835917310974, 'kappa': 0.39367099618699564}
PHY-K339,K354,K358-7cls-28chn validation confusion_matrix:
[[0.9282 0.0011 0.0157 0.0036 0.     0.0077 0.0437]
 [0.1788 0.0801 0.3342 0.1763 0.0345 0.0777 0.1184]
 [0.102  0.0587 0.4235 0.1947 0.0309 0.0433 0.1468]
 [0.1031 0.0323 0.1554 0.2785 0.0385 0.1862 0.2062]
 [0.1227 0.0734 0.1336 0.1625 0.0927 0.1432 0.272 ]
 [0.1431 0.0173 0.0535 0.0943 0.0173 0.2358 0.4387]
 [0.1705 0.0134 0.0463 0.0463 0.0231 0.0938 0.6066]]
testing on K339...
PHY-K339,K354,K358-7cls-28chn test:
{'acc': 0.34048467546007705, 'f1': 0.6972865608123298, 'kappa': 0.4817458218107491}
PHY-K339,K354,K358-7cls-28chn test confusion_matrix:
[[0.9565 0.     0.     0.     0.0026 0.     0.0409]
 [0.     0.0789 0.1579 0.2632 0.1053 0.1579 0.2368]
 [0.     0.     0.1053 0.3947 0.0526 0.2895 0.1579]
 [0.     0.0303 0.0909 0.0909 0.     0.5152 0.2727]
 [0.     0.0645 0.0968 0.129  0.1613 0.0645 0.4839]
 [0.     0.     0.1351 0.0811 0.2162 0.1081 0.4595]
 [0.0294 0.     0.     0.     0.0294 0.0588 0.8824]]
testing on K354...
PHY-K339,K354,K358-7cls-28chn test:
{'acc': 0.1949701923780265, 'f1': 0.2358922175173706, 'kappa': 0.11950464396284832}
PHY-K339,K354,K358-7cls-28chn test confusion_matrix:
[[0.9194 0.     0.     0.     0.     0.     0.0806]
 [0.0938 0.     0.0312 0.0312 0.     0.0938 0.75  ]
 [0.0417 0.0417 0.125  0.125  0.0417 0.0417 0.5833]
 [0.2222 0.     0.037  0.2222 0.2963 0.1852 0.037 ]
 [0.1071 0.0357 0.0357 0.1071 0.0357 0.0714 0.6071]
 [0.5    0.     0.0312 0.0625 0.0312 0.0625 0.3125]
 [1.     0.     0.     0.     0.     0.     0.    ]]
testing on K358...
PHY-K339,K354,K358-7cls-28chn test:
{'acc': 0.47014048412353493, 'f1': 0.7547166444821618, 'kappa': 0.5998318074628936}
PHY-K339,K354,K358-7cls-28chn test confusion_matrix:
[[0.9966 0.     0.     0.     0.     0.     0.0034]
 [0.0769 0.1538 0.3846 0.2692 0.     0.1154 0.    ]
 [0.     0.125  0.5417 0.0417 0.     0.0833 0.2083]
 [0.     0.     0.3846 0.2692 0.     0.3077 0.0385]
 [0.1379 0.     0.1034 0.3103 0.     0.2759 0.1724]
 [0.0741 0.0741 0.037  0.0741 0.     0.6296 0.1111]
 [0.0333 0.     0.     0.     0.     0.2667 0.7   ]]


 PHY-K359,K360,K362-7cls-28chn validation:
{'acc': 0.3818105264695074, 'f1': 0.4903447351779603, 'kappa': 0.3965548576271335}
PHY-K359,K360,K362-7cls-28chn validation confusion_matrix:
[[9.420e-01 4.000e-04 1.730e-02 1.800e-03 4.000e-04 7.700e-03 3.050e-02]
 [1.732e-01 6.390e-02 4.373e-01 1.007e-01 9.800e-03 1.376e-01 7.740e-02]
 [1.120e-01 3.890e-02 5.428e-01 1.058e-01 2.490e-02 7.150e-02 1.042e-01]
 [1.121e-01 2.460e-02 2.780e-01 1.813e-01 3.840e-02 2.227e-01 1.429e-01]
 [1.368e-01 5.930e-02 2.215e-01 1.114e-01 8.110e-02 1.877e-01 2.022e-01]
 [1.495e-01 1.560e-02 1.199e-01 4.050e-02 1.710e-02 3.255e-01 3.318e-01]
 [1.885e-01 7.300e-03 6.490e-02 2.940e-02 2.690e-02 1.469e-01 5.361e-01]]
testing on K359...
PHY-K359,K360,K362-7cls-28chn test:
{'acc': 0.3645657127408953, 'f1': 0.7017651816817886, 'kappa': 0.5101063734048489}
PHY-K359,K360,K362-7cls-28chn test confusion_matrix:
[[0.9927 0.     0.0036 0.0036 0.     0.     0.    ]
 [0.1111 0.037  0.0741 0.1111 0.1852 0.1852 0.2963]
 [0.0741 0.0741 0.0741 0.1481 0.2963 0.1111 0.2222]
 [0.037  0.     0.2222 0.2963 0.0741 0.3333 0.037 ]
 [0.0741 0.0741 0.1481 0.3704 0.2222 0.     0.1111]
 [0.     0.0667 0.1333 0.4    0.0333 0.3    0.0667]
 [0.0741 0.     0.     0.     0.0741 0.2222 0.6296]]
testing on K360...
PHY-K359,K360,K362-7cls-28chn test:
{'acc': 0.30143894614482847, 'f1': 0.5766345191958746, 'kappa': 0.3626854905193735}
PHY-K359,K360,K362-7cls-28chn test confusion_matrix:
[[0.84   0.     0.04   0.0467 0.0033 0.03   0.04  ]
 [0.0882 0.     0.0588 0.2353 0.0294 0.4706 0.1176]
 [0.0556 0.     0.0556 0.1667 0.1944 0.3056 0.2222]
 [0.0303 0.     0.3636 0.1515 0.     0.3939 0.0606]
 [0.0513 0.     0.1282 0.     0.0256 0.2308 0.5641]
 [0.027  0.     0.0541 0.     0.027  0.2432 0.6486]
 [0.1471 0.     0.     0.     0.     0.0588 0.7941]]
testing on K362...
PHY-K359,K360,K362-7cls-28chn test:
{'acc': 0.4302420489726991, 'f1': 0.6653003677733508, 'kappa': 0.5259919926556842}
PHY-K359,K360,K362-7cls-28chn test confusion_matrix:
[[0.9719 0.0105 0.007  0.     0.     0.0035 0.007 ]
 [0.     0.0833 0.6944 0.1667 0.0278 0.     0.0278]
 [0.0526 0.0526 0.8158 0.0526 0.     0.0263 0.    ]
 [0.0303 0.0606 0.1515 0.1818 0.     0.2121 0.3636]
 [0.0526 0.0263 0.2895 0.1842 0.     0.3421 0.1053]
 [0.3714 0.     0.0571 0.0286 0.0286 0.4    0.1143]
 [0.0882 0.     0.2059 0.     0.     0.1471 0.5588]]


 PHY-K365,K366,K368-7cls-28chn validation:
{'acc': 0.3847929900988992, 'f1': 0.48831325621134103, 'kappa': 0.39852442921901665}
PHY-K365,K366,K368-7cls-28chn validation confusion_matrix:
[[9.095e-01 4.000e-04 2.740e-02 7.000e-04 0.000e+00 5.000e-03 5.690e-02]
 [1.110e-01 9.390e-02 5.390e-01 6.220e-02 6.100e-03 5.490e-02 1.329e-01]
 [8.220e-02 4.340e-02 6.481e-01 4.810e-02 6.200e-03 4.030e-02 1.318e-01]
 [6.650e-02 4.950e-02 4.219e-01 1.206e-01 1.700e-02 1.360e-01 1.886e-01]
 [1.023e-01 9.630e-02 3.045e-01 6.020e-02 3.610e-02 1.468e-01 2.539e-01]
 [1.082e-01 4.640e-02 1.113e-01 4.480e-02 6.200e-03 2.535e-01 4.297e-01]
 [1.313e-01 2.940e-02 9.450e-02 1.350e-02 1.230e-02 8.710e-02 6.319e-01]]
testing on K365...
PHY-K365,K366,K368-7cls-28chn test:
{'acc': 0.4233882783882784, 'f1': 0.4115325119031018, 'kappa': 0.39503573440882545}
PHY-K365,K366,K368-7cls-28chn test confusion_matrix:
[[0.9038 0.     0.     0.     0.     0.0192 0.0769]
 [0.     0.     0.7391 0.0435 0.     0.1739 0.0435]
 [0.     0.     0.9583 0.0417 0.     0.     0.    ]
 [0.04   0.     0.6    0.     0.     0.08   0.28  ]
 [0.04   0.     0.44   0.     0.     0.36   0.16  ]
 [0.     0.     0.     0.     0.     0.4615 0.5385]
 [0.     0.04   0.24   0.     0.     0.08   0.64  ]]
testing on K366...
PHY-K365,K366,K368-7cls-28chn test:
{'acc': 0.4135346567621898, 'f1': 0.6743480275319899, 'kappa': 0.5615125647782724}
PHY-K365,K366,K368-7cls-28chn test confusion_matrix:
[[0.9966 0.     0.     0.     0.     0.     0.0034]
 [0.     0.     0.9394 0.0606 0.     0.     0.    ]
 [0.     0.     1.     0.     0.     0.     0.    ]
 [0.027  0.0541 0.1351 0.     0.     0.3514 0.4324]
 [0.     0.1613 0.2903 0.     0.     0.0968 0.4516]
 [0.     0.     0.6129 0.     0.     0.1613 0.2258]
 [0.0526 0.     0.1579 0.0263 0.     0.0263 0.7368]]
testing on K368...
PHY-K365,K366,K368-7cls-28chn test:
{'acc': 0.2240827534945182, 'f1': 0.481239185782687, 'kappa': 0.2766426607676705}
PHY-K365,K366,K368-7cls-28chn test confusion_matrix:
[[0.8182 0.     0.0519 0.     0.     0.013  0.1169]
 [0.0294 0.0588 0.6471 0.0294 0.     0.0294 0.2059]
 [0.0588 0.0294 0.5    0.     0.     0.     0.4118]
 [0.1471 0.0294 0.5294 0.0294 0.     0.1471 0.1176]
 [0.0513 0.0256 0.6667 0.0769 0.     0.0513 0.1282]
 [0.0278 0.0556 0.75   0.     0.     0.     0.1667]
 [0.2432 0.027  0.5676 0.     0.     0.     0.1622]]


 PHY-K370,K372,K373-7cls-28chn validation:
{'acc': 0.37956543508527363, 'f1': 0.4860742923340864, 'kappa': 0.3963024452020715}
PHY-K370,K372,K373-7cls-28chn validation confusion_matrix:
[[9.419e-01 0.000e+00 1.400e-02 7.000e-04 0.000e+00 6.600e-03 3.680e-02]
 [1.900e-01 8.210e-02 4.032e-01 7.230e-02 1.100e-02 1.127e-01 1.287e-01]
 [1.053e-01 6.190e-02 4.985e-01 7.430e-02 1.700e-02 9.600e-02 1.471e-01]
 [1.227e-01 3.260e-02 2.267e-01 1.553e-01 2.020e-02 2.345e-01 2.081e-01]
 [1.348e-01 4.570e-02 1.805e-01 8.300e-02 5.660e-02 2.022e-01 2.972e-01]
 [1.373e-01 2.310e-02 6.330e-02 4.320e-02 1.230e-02 2.963e-01 4.244e-01]
 [1.734e-01 1.220e-02 3.910e-02 1.340e-02 9.800e-03 1.258e-01 6.264e-01]]
testing on K370...
PHY-K370,K372,K373-7cls-28chn test:
{'acc': 0.2828691619726256, 'f1': 0.5923541269876889, 'kappa': 0.35559226394959575}
PHY-K370,K372,K373-7cls-28chn test confusion_matrix:
[[0.8893 0.     0.0035 0.     0.     0.0069 0.1003]
 [0.1875 0.     0.2188 0.     0.     0.3125 0.2812]
 [0.1667 0.     0.3333 0.     0.     0.2083 0.2917]
 [0.0833 0.0278 0.3611 0.0278 0.     0.1944 0.3056]
 [0.0303 0.     0.1818 0.1818 0.     0.2727 0.3333]
 [0.1935 0.     0.     0.0645 0.     0.4194 0.3226]
 [0.2759 0.     0.     0.0345 0.069  0.3103 0.3103]]
testing on K372...
PHY-K370,K372,K373-7cls-28chn test:
{'acc': 0.4316249226963513, 'f1': 0.6545176793775074, 'kappa': 0.5249085280045032}
PHY-K370,K372,K373-7cls-28chn test confusion_matrix:
[[0.9697 0.     0.     0.     0.     0.     0.0303]
 [0.     0.0625 0.3125 0.0938 0.0625 0.0312 0.4375]
 [0.     0.1429 0.6286 0.1143 0.0571 0.     0.0571]
 [0.1333 0.0667 0.2667 0.1333 0.     0.3    0.1   ]
 [0.0968 0.0645 0.2258 0.0323 0.     0.0323 0.5484]
 [0.0606 0.0606 0.     0.     0.     0.3939 0.4848]
 [0.1667 0.     0.     0.     0.     0.     0.8333]]
testing on K373...
PHY-K370,K372,K373-7cls-28chn test:
{'acc': 0.25921459492888066, 'f1': 0.6056053752645358, 'kappa': 0.4104979811574697}
PHY-K370,K372,K373-7cls-28chn test confusion_matrix:
[[1.     0.     0.     0.     0.     0.     0.    ]
 [0.0606 0.1515 0.303  0.     0.0606 0.     0.4242]
 [0.     0.     0.     0.0294 0.     0.2353 0.7353]
 [0.1515 0.     0.5152 0.0303 0.     0.0606 0.2424]
 [0.     0.0303 0.4545 0.     0.0303 0.0606 0.4242]
 [0.     0.     0.4286 0.0357 0.     0.0357 0.5   ]
 [0.     0.     0.2667 0.     0.     0.1667 0.5667]]


PHY-K374,K375-7cls-28chn validation:
{'acc': 0.3654987471466068, 'f1': 0.46301160583108864, 'kappa': 0.3861063779799919}
PHY-K374,K375-7cls-28chn validation confusion_matrix:
[[9.407e-01 0.000e+00 1.650e-02 4.000e-04 0.000e+00 4.300e-03 3.810e-02]
 [1.574e-01 5.930e-02 4.855e-01 2.780e-02 2.400e-03 1.053e-01 1.622e-01]
 [1.008e-01 1.980e-02 5.939e-01 1.370e-02 4.600e-03 7.940e-02 1.878e-01]
 [9.300e-02 2.290e-02 3.247e-01 3.350e-02 9.100e-03 2.683e-01 2.485e-01]
 [1.128e-01 4.630e-02 2.411e-01 3.920e-02 1.310e-02 1.805e-01 3.670e-01]
 [1.315e-01 1.220e-02 1.009e-01 9.200e-03 1.220e-02 2.706e-01 4.633e-01]
 [1.655e-01 4.800e-03 5.310e-02 8.500e-03 4.800e-03 1.159e-01 6.473e-01]]
testing on K374...
PHY-K374,K375-7cls-28chn test:
{'acc': 0.27766602018311176, 'f1': 0.5663297406867512, 'kappa': 0.36660868190084606}
PHY-K374,K375-7cls-28chn test confusion_matrix:
[[0.9068 0.     0.0254 0.     0.     0.0212 0.0466]
 [0.0303 0.0606 0.3636 0.0606 0.0303 0.0606 0.3939]
 [0.0286 0.0857 0.4286 0.1143 0.0286 0.1429 0.1714]
 [0.0606 0.0303 0.303  0.0303 0.0303 0.1515 0.3939]
 [0.0625 0.0312 0.125  0.     0.0625 0.25   0.4688]
 [0.0882 0.     0.     0.     0.     0.0882 0.8235]
 [0.2667 0.     0.0667 0.     0.0333 0.2667 0.3667]]
testing on K375...
PHY-K374,K375-7cls-28chn test:
{'acc': 0.3493080165538719, 'f1': 0.4944620560798835, 'kappa': 0.40164579606440065}
PHY-K374,K375-7cls-28chn test confusion_matrix:
[[0.9863 0.     0.     0.     0.     0.     0.0137]
 [0.1562 0.0312 0.6875 0.0312 0.0312 0.     0.0625]
 [0.069  0.069  0.5862 0.1724 0.0345 0.     0.069 ]
 [0.0938 0.0312 0.3438 0.     0.     0.1875 0.3438]
 [0.2424 0.     0.0303 0.     0.     0.0303 0.697 ]
 [0.0645 0.     0.     0.     0.     0.2581 0.6774]
 [0.3333 0.     0.     0.     0.     0.0833 0.5833]]

 -----------------------------------
 1e3

 training PHY-K325,K326,K327-7cls-28chn done - time: 0:19:04.071190s
PHY-K325,K326,K327-7cls-28chn validation:
{'acc': 0.4013836806978101, 'f1': 0.5274456083287894, 'kappa': 0.4277026896154231}
PHY-K325,K326,K327-7cls-28chn validation confusion_matrix:
[[0.9402 0.0123 0.0109 0.0021 0.     0.0018 0.0327]
 [0.1374 0.384  0.2663 0.081  0.0049 0.0577 0.0687]
 [0.0886 0.2939 0.4246 0.0607 0.0078 0.0544 0.07  ]
 [0.0896 0.2563 0.1887 0.1792 0.0346 0.1368 0.1148]
 [0.1098 0.2732 0.1232 0.1317 0.0329 0.1707 0.1585]
 [0.144  0.082  0.1146 0.0526 0.0124 0.2926 0.3019]
 [0.1451 0.0829 0.0341 0.0171 0.0146 0.15   0.5561]]
testing on K325...
PHY-K325,K326,K327-7cls-28chn test:
{'acc': 0.3192651750526513, 'f1': 0.3410785923072526, 'kappa': 0.28581510232886387}
PHY-K325,K326,K327-7cls-28chn test confusion_matrix:
[[1.     0.     0.     0.     0.     0.     0.    ]
 [0.129  0.2258 0.129  0.0323 0.     0.3226 0.1613]
 [0.0294 0.1471 0.4706 0.0294 0.     0.1176 0.2059]
 [0.0345 0.2069 0.4483 0.     0.     0.2069 0.1034]
 [0.1429 0.1667 0.0952 0.0476 0.     0.1429 0.4048]
 [0.     0.3704 0.4444 0.     0.     0.     0.1852]
 [0.0385 0.3462 0.0385 0.     0.     0.0385 0.5385]]
testing on K326...
PHY-K325,K326,K327-7cls-28chn test:
{'acc': 0.17280825101609829, 'f1': 0.15516611736422203, 'kappa': 0.0743217511843649}
PHY-K325,K326,K327-7cls-28chn test confusion_matrix:
[[0.9855 0.0145 0.     0.     0.     0.     0.    ]
 [0.5122 0.1707 0.0732 0.0732 0.     0.0244 0.1463]
 [0.5128 0.2821 0.0256 0.     0.0256 0.     0.1538]
 [0.8235 0.1176 0.0588 0.     0.     0.     0.    ]
 [0.4722 0.25   0.0278 0.0278 0.0278 0.1111 0.0833]
 [0.8571 0.0857 0.     0.     0.0571 0.     0.    ]
 [0.5882 0.1471 0.2059 0.0294 0.0294 0.     0.    ]]
testing on K327...
PHY-K325,K326,K327-7cls-28chn test:
{'acc': 0.2589131682821826, 'f1': 0.3485908066029144, 'kappa': 0.24199000889618838}
PHY-K325,K326,K327-7cls-28chn test confusion_matrix:
[[0.9674 0.     0.     0.     0.     0.     0.0326]
 [0.1538 0.0513 0.0769 0.0513 0.     0.     0.6667]
 [0.2647 0.2647 0.2059 0.0588 0.     0.1176 0.0882]
 [0.1429 0.     0.4286 0.119  0.0238 0.2381 0.0476]
 [0.1765 0.3235 0.1176 0.2647 0.0294 0.0294 0.0588]
 [0.069  0.     0.069  0.069  0.     0.3103 0.4828]
 [0.2258 0.3548 0.0968 0.0968 0.     0.0968 0.129 ]]

 -----------------------------------------

 5e-4

 training PHY-K374,K375-7cls-28chn done - time: 0:20:27.440878s
PHY-K374,K375-7cls-28chn validation:
{'acc': 0.4072488611449994, 'f1': 0.5264099052774853, 'kappa': 0.4219456914807733}
PHY-K374,K375-7cls-28chn validation confusion_matrix:
[[9.360e-01 2.500e-03 1.550e-02 8.600e-03 4.000e-04 6.800e-03 3.020e-02]
 [1.477e-01 1.392e-01 3.172e-01 2.203e-01 3.750e-02 6.420e-02 7.380e-02]
 [9.310e-02 1.252e-01 4.336e-01 1.802e-01 4.890e-02 3.820e-02 8.090e-02]
 [1.006e-01 6.250e-02 1.555e-01 3.994e-01 6.250e-02 1.250e-01 9.450e-02]
 [1.259e-01 9.620e-02 1.152e-01 2.375e-01 1.485e-01 1.401e-01 1.366e-01]
 [1.284e-01 3.060e-02 8.100e-02 1.407e-01 6.420e-02 2.844e-01 2.706e-01]
 [1.667e-01 3.260e-02 3.990e-02 7.130e-02 4.950e-02 1.304e-01 5.097e-01]]
testing on K374...
PHY-K374,K375-7cls-28chn test:
{'acc': 0.3143029207060328, 'f1': 0.6006592431555042, 'kappa': 0.3993660978596115}
PHY-K374,K375-7cls-28chn test confusion_matrix:
[[0.8941 0.     0.0042 0.0254 0.0127 0.0297 0.0339]
 [0.     0.1818 0.0303 0.2424 0.2121 0.1212 0.2121]
 [0.0857 0.1429 0.1143 0.4    0.2571 0.     0.    ]
 [0.     0.1212 0.0303 0.2424 0.3636 0.2424 0.    ]
 [0.     0.125  0.     0.25   0.2812 0.1562 0.1875]
 [0.     0.     0.     0.0588 0.2941 0.3529 0.2941]
 [0.1333 0.     0.     0.0333 0.2    0.5    0.1333]]
testing on K375...
PHY-K374,K375-7cls-28chn test:
{'acc': 0.3814107357047001, 'f1': 0.5518167822586463, 'kappa': 0.4390090004285919}
PHY-K374,K375-7cls-28chn test confusion_matrix:
[[0.9863 0.     0.     0.     0.     0.0068 0.0068]
 [0.0625 0.25   0.3438 0.2812 0.     0.     0.0625]
 [0.0345 0.1379 0.1724 0.5172 0.1379 0.     0.    ]
 [0.0938 0.0938 0.2812 0.25   0.     0.0938 0.1875]
 [0.303  0.0303 0.0606 0.0606 0.0909 0.303  0.1515]
 [0.129  0.     0.0645 0.     0.     0.2258 0.5806]
 [0.3056 0.     0.     0.     0.     0.     0.6944]]
